0	0.0260258
0.01	0.0231506
0.02	0.017365
0.03	0.0167279
0.04	0.0192994
0.05	0.0217306
0.06	0.0238651
0.07	0.0262828
0.08	0.0299214
0.09	0.0325497
0.1	0.0350548
0.11	0.0382763
0.12	0.0423574
0.13	0.0436496
0.14	0.0435033
0.15	0.0459342
0.16	0.0478329
0.17	0.049863
0.18	0.0530416
0.19	0.055253
0.2	0.0576246
0.21	0.0584039
0.22	0.0595836
0.23	0.0618101
0.24	0.0632383
0.25	0.0655925
0.26	0.0685844
0.27	0.0710393
0.28	0.0709818
0.29	0.0738897
0.3	0.0754391
0.31	0.0765533
0.32	0.0786078
0.33	0.0811104
0.34	0.0825324
0.35	0.0847058
0.36	0.0865041
0.37	0.0863839
0.38	0.0879098
0.39	0.0861822
0.4	0.0859265
0.41	0.0830398
0.42	0.080982
0.43	0.0771696
0.44	0.0760604
0.45	0.0739335
0.46	0.0710696
0.47	0.06832
0.48	0.0694452
0.49	0.0672326
0.5	0.0654062
0.51	0.064322
0.52	0.0625343
0.53	0.0600385
0.54	0.0568709
0.55	0.0561914
0.56	0.0560439
0.57	0.0527877
0.58	0.049762
0.59	0.0481032
0.6	0.0476003
0.61	0.0456086
0.62	0.0439568
0.63	0.0428522
0.64	0.0403831
0.65	0.0376308
0.66	0.031401
0.67	0.0259817
0.68	0.0387149
0.69	0.0401877
0.7	0.0614531
0.71	0.0664871
0.72	0.0625004
0.73	0.0588609
0.74	0.0580271
0.75	0.0505268
0.76	0.0549881
0.77	0.058379
0.78	0.060647
0.79	0.0639147
0.8	0.0679262
0.81	0.0712391
0.82	0.0756537
0.83	0.0783198
0.84	0.0838181
0.85	0.0871652
0.86	0.0882725
0.87	0.0911484
0.88	0.0925438
0.89	0.0954372
0.9	0.100309
0.91	0.106194
0.92	0.111314
0.93	0.113537
0.94	0.11822
0.95	0.123042
0.96	0.126257
0.97	0.12968
0.98	0.134804
0.99	0.139733
1	0.144043
1.01	0.149967
1.02	0.153911
1.03	0.159395
1.04	0.163183
1.05	0.165933
1.06	0.172278
1.07	0.172773
1.08	0.175485
1.09	0.178479
1.1	0.182045
1.11	0.1849
1.12	0.189117
1.13	0.191568
1.14	0.190111
1.15	0.190435
1.16	0.19042
1.17	0.191535
1.18	0.19106
1.19	0.191955
1.2	0.192052
1.21	0.192736
1.22	0.192951
1.23	0.192865
1.24	0.191034
1.25	0.190995
1.26	0.190509
1.27	0.191144
1.28	0.189729
1.29	0.19078
1.3	0.188821
1.31	0.186667
1.32	0.187573
1.33	0.187951
1.34	0.188233
1.35	0.187827
1.36	0.186889
1.37	0.186645
1.38	0.184597
1.39	0.183576
1.4	0.184988
1.41	0.184543
1.42	0.182016
1.43	0.180922
1.44	0.181227
1.45	0.180486
1.46	0.180478
1.47	0.178111
1.48	0.177426
1.49	0.17659
1.5	0.175124
1.51	0.174871
1.52	0.175106
1.53	0.174358
1.54	0.173354
1.55	0.172478
1.56	0.170969
1.57	0.172654
1.58	0.171289
1.59	0.172025
1.6	0.1703
1.61	0.169952
1.62	0.169154
1.63	0.168951
1.64	0.168825
1.65	0.16575
1.66	0.16559
1.67	0.165438
1.68	0.165126
1.69	0.164851
1.7	0.164674
1.71	0.163367
1.72	0.162634
1.73	0.16219
1.74	0.161288
1.75	0.15933
1.76	0.158883
1.77	0.15746
1.78	0.157475
1.79	0.156789
1.8	0.155756
1.81	0.154446
1.82	0.15413
1.83	0.154197
1.84	0.151558
1.85	0.151369
1.86	0.150028
1.87	0.148196
1.88	0.147608
1.89	0.147536
1.9	0.148766
1.91	0.148114
1.92	0.147678
1.93	0.146924
1.94	0.147935
1.95	0.148283
1.96	0.147417
1.97	0.147744
1.98	0.146639
1.99	0.145707
2	0.144547
2.01	0.143966
2.02	0.14351
2.03	0.143812
2.04	0.143395
2.05	0.143446
2.06	0.143546
2.07	0.143047
2.08	0.142747
2.09	0.143258
2.1	0.142438
2.11	0.143591
2.12	0.140254
2.13	0.13944
2.14	0.13969
2.15	0.139222
2.16	0.139272
2.17	0.139159
2.18	0.138035
2.19	0.13694
2.2	0.1377
2.21	0.136904
2.22	0.136831
2.23	0.137758
2.24	0.136838
2.25	0.135317
2.26	0.135103
2.27	0.13415
2.28	0.135573
2.29	0.135339
2.3	0.13572
2.31	0.133475
2.32	0.131842
2.33	0.132744
2.34	0.135376
2.35	0.133553
2.36	0.131776
2.37	0.130489
2.38	0.128934
2.39	0.129736
2.4	0.130662
2.41	0.129427
2.42	0.129766
2.43	0.129275
2.44	0.129101
2.45	0.12835
2.46	0.129423
2.47	0.126948
2.48	0.127932
2.49	0.126341
2.5	0.126007
2.51	0.128899
2.52	0.128079
2.53	0.126863
2.54	0.125167
2.55	0.126218
2.56	0.126294
2.57	0.126462
2.58	0.123999
2.59	0.126504
2.6	0.124212
2.61	0.122679
2.62	0.122617
2.63	0.122449
2.64	0.12179
2.65	0.122092
2.66	0.123621
2.67	0.122268
2.68	0.124343
2.69	0.125284
2.7	0.127264
2.71	0.128556
2.72	0.129512
2.73	0.129699
2.74	0.131018
2.75	0.133293
2.76	0.135281
2.77	0.136971
2.78	0.138595
2.79	0.13926
2.8	0.139133
2.81	0.139845
2.82	0.141896
2.83	0.143445
2.84	0.144093
2.85	0.14525
2.86	0.145087
2.87	0.146347
2.88	0.14644
2.89	0.147184
2.9	0.148444
2.91	0.149211
2.92	0.150141
2.93	0.150978
2.94	0.151489
2.95	0.151417
2.96	0.1528
2.97	0.154413
2.98	0.155037
2.99	0.154198
3	0.1555
3.01	0.1555
3.02	0.1555
3.03	0.1555
3.04	0.1555
3.05	0.1555
3.06	0.1555
3.07	0.1555
3.08	0.1555
3.09	0.1555
3.1	0.1555
3.11	0.1555
3.12	0.1555
3.13	0.1555
3.14	0.1555
3.15	0.1555
3.16	0.1555
3.17	0.1555
3.18	0.1555
3.19	0.1555
3.2	0.1555
3.21	0.1555
3.22	0.1555
3.23	0.1555
3.24	0.1555
3.25	0.1555
3.26	0.1555
3.27	0.1555
3.28	0.1555
3.29	0.1555
3.3	0.1555
3.31	0.1555
3.32	0.1555
3.33	0.1555
3.34	0.1555
3.35	0.1555
3.36	0.1555
3.37	0.1555
3.38	0.1555
3.39	0.1555
3.4	0.1555
3.41	0.1555
3.42	0.1555
3.43	0.1555
3.44	0.1555
3.45	0.1555
3.46	0.1555
3.47	0.1555
3.48	0.1555
3.49	0.1555
3.5	0.1555
3.51	0.1555
3.52	0.1555
3.53	0.1555
3.54	0.1555
3.55	0.1555
3.56	0.1555
3.57	0.1555
3.58	0.1555
3.59	0.1555
3.6	0.1555
3.61	0.1555
3.62	0.1555
3.63	0.1555
3.64	0.1555
3.65	0.1555
3.66	0.1555
3.67	0.1555
3.68	0.1555
3.69	0.1555
3.7	0.1555
3.71	0.1555
3.72	0.1555
3.73	0.1555
3.74	0.1555
3.75	0.1555
3.76	0.1555
3.77	0.1555
3.78	0.1555
3.79	0.1555
3.8	0.1555
3.81	0.1555
3.82	0.1555
3.83	0.1555
3.84	0.1555
3.85	0.1555
3.86	0.1555
3.87	0.1555
3.88	0.1555
3.89	0.1555
3.9	0.1555
3.91	0.1555
3.92	0.1555
3.93	0.1555
3.94	0.1555
3.95	0.1555
3.96	0.1555
3.97	0.1555
3.98	0.1555
3.99	0.1555
4	0.1555
