0	0.142508
0.01	0.142508
0.02	0.142508
0.03	0.142508
0.04	0.142508
0.05	0.142508
0.06	0.142508
0.07	0.142508
0.08	0.142508
0.09	0.142508
0.1	0.142508
0.11	0.142508
0.12	0.142508
0.13	0.142508
0.14	0.142508
0.15	0.142508
0.16	0.142508
0.17	0.142508
0.18	0.142508
0.19	0.142508
0.2	0.142508
0.21	0.142508
0.22	0.142508
0.23	0.142508
0.24	0.142508
0.25	0.142508
0.26	0.142508
0.27	0.142508
0.28	0.142508
0.29	0.142508
0.3	0.142508
0.31	0.142508
0.32	0.142508
0.33	0.142508
0.34	0.142508
0.35	0.142508
0.36	0.142508
0.37	0.142508
0.38	0.142508
0.39	0.142508
0.4	0.142508
0.41	0.142508
0.42	0.142508
0.43	0.142508
0.44	0.142508
0.45	0.142508
0.46	0.142508
0.47	0.142508
0.48	0.142508
0.49	0.142508
0.5	0.142508
0.51	0.142508
0.52	0.142508
0.53	0.142508
0.54	0.142508
0.55	0.142508
0.56	0.142508
0.57	0.142508
0.58	0.142508
0.59	0.142508
0.6	0.142508
0.61	0.142508
0.62	0.142508
0.63	0.142508
0.64	0.142508
0.65	0.142508
0.66	0.142508
0.67	0.142508
0.68	0.142508
0.69	0.142508
0.7	0.142508
0.71	0.142508
0.72	0.142508
0.73	0.142508
0.74	0.142508
0.75	0.142508
0.76	0.142508
0.77	0.142508
0.78	0.142508
0.79	0.142508
0.8	0.142508
0.81	0.142508
0.82	0.142508
0.83	0.142508
0.84	0.142508
0.85	0.142508
0.86	0.142508
0.87	0.142508
0.88	0.142508
0.89	0.142508
0.9	0.142508
0.91	0.142508
0.92	0.142508
0.93	0.142508
0.94	0.142508
0.95	0.142508
0.96	0.342109
0.97	0.342089
0.98	0.342034
0.99	0.341947
1	0.341828
1.01	0.341678
1.02	0.341497
1.03	0.341287
1.04	0.341048
1.05	0.340782
1.06	0.340488
1.07	0.340168
1.08	0.339822
1.09	0.339452
1.1	0.339058
1.11	0.338641
1.12	0.338201
1.13	0.33774
1.14	0.337259
1.15	0.336757
1.16	0.336237
1.17	0.335698
1.18	0.335142
1.19	0.33457
1.2	0.333981
1.21	0.333378
1.22	0.33276
1.23	0.332129
1.24	0.331486
1.25	0.33083
1.26	0.330164
1.27	0.329488
1.28	0.328802
1.29	0.328108
1.3	0.327406
1.31	0.326697
1.32	0.325982
1.33	0.325262
1.34	0.324537
1.35	0.323809
1.36	0.323077
1.37	0.322344
1.38	0.321609
1.39	0.320874
1.4	0.32014
1.41	0.319406
1.42	0.318674
1.43	0.317946
1.44	0.31722
1.45	0.3165
1.46	0.315784
1.47	0.315074
1.48	0.314372
1.49	0.313676
1.5	0.31299
1.51	0.312312
1.52	0.311645
1.53	0.310988
1.54	0.310344
1.55	0.309711
1.56	0.309092
1.57	0.308487
1.58	0.307897
1.59	0.307322
1.6	0.306764
1.61	0.306224
1.62	0.305701
1.63	0.305198
1.64	0.304714
1.65	0.304251
1.66	0.303809
1.67	0.303389
1.68	0.302993
1.69	0.30262
1.7	0.302271
1.71	0.301948
1.72	0.301652
1.73	0.301382
1.74	0.30114
1.75	0.300927
1.76	0.300743
1.77	0.300589
1.78	0.300467
1.79	0.300376
1.8	0.300318
1.81	0.300293
1.82	0.300293
1.83	0.300293
1.84	0.300293
1.85	0.300293
1.86	0.300293
1.87	0.300293
1.88	0.300293
1.89	0.300293
1.9	0.300293
1.91	0.300293
1.92	0.300293
1.93	0.300293
1.94	0.300293
1.95	0.300293
1.96	0.300293
1.97	0.300293
1.98	0.300293
1.99	0.300293
2	0.300293
2.01	0.300293
2.02	0.300293
2.03	0.300293
2.04	0.300293
2.05	0.300293
2.06	0.300293
2.07	0.300293
2.08	0.300293
2.09	0.300293
2.1	0.300293
2.11	0.300293
2.12	0.300293
2.13	0.300293
2.14	0.300293
2.15	0.300293
2.16	0.300293
2.17	0.300293
2.18	0.300293
2.19	0.300293
2.2	0.300293
2.21	0.300293
2.22	0.300293
2.23	0.300293
2.24	0.300293
2.25	0.300293
2.26	0.300293
2.27	0.300293
2.28	0.300293
2.29	0.300293
2.3	0.300293
2.31	0.300293
2.32	0.300293
2.33	0.300293
2.34	0.300293
2.35	0.300293
2.36	0.300293
2.37	0.300293
2.38	0.300293
2.39	0.300293
2.4	0.300293
2.41	0.300293
2.42	0.300293
2.43	0.300293
2.44	0.300293
2.45	0.300293
2.46	0.300293
2.47	0.300293
2.48	0.300293
2.49	0.300293
2.5	0.300293
2.51	0.300293
2.52	0.300293
2.53	0.300293
2.54	0.300293
2.55	0.300293
2.56	0.300293
2.57	0.300293
2.58	0.300293
2.59	0.300293
2.6	0.300293
2.61	0.300293
2.62	0.300293
2.63	0.300293
2.64	0.300293
2.65	0.300293
2.66	0.300293
2.67	0.300293
2.68	0.300293
2.69	0.300293
2.7	0.300293
2.71	0.300293
2.72	0.300293
2.73	0.300293
2.74	0.300293
2.75	0.300293
2.76	0.300293
2.77	0.300293
2.78	0.300293
2.79	0.300293
2.8	0.300293
2.81	0.300293
2.82	0.300293
2.83	0.300293
2.84	0.300293
2.85	0.300293
2.86	0.300293
2.87	0.300293
2.88	0.300293
2.89	0.300293
2.9	0.300293
2.91	0.300293
2.92	0.300293
2.93	0.300293
2.94	0.300293
2.95	0.300293
2.96	0.300293
2.97	0.300293
2.98	0.300293
2.99	0.300293
3	0.300293
3.01	0.300293
3.02	0.300293
3.03	0.300293
3.04	0.300293
3.05	0.300293
3.06	0.300293
3.07	0.300293
3.08	0.300293
3.09	0.300293
3.1	0.300293
3.11	0.300293
3.12	0.300293
3.13	0.300293
3.14	0.300293
3.15	0.300293
3.16	0.300293
3.17	0.300293
3.18	0.300293
3.19	0.300293
3.2	0.300293
3.21	0.300293
3.22	0.300293
3.23	0.300293
3.24	0.300293
3.25	0.300293
3.26	0.300293
3.27	0.300293
3.28	0.300293
3.29	0.300293
3.3	0.300293
3.31	0.300293
3.32	0.300293
3.33	0.300293
3.34	0.300293
3.35	0.300293
3.36	0.300293
3.37	0.300293
3.38	0.300293
3.39	0.300293
3.4	0.300293
3.41	0.300293
3.42	0.300293
3.43	0.300293
3.44	0.300293
3.45	0.300293
3.46	0.300293
3.47	0.300293
3.48	0.300293
3.49	0.300293
3.5	0.300293
3.51	0.300293
3.52	0.300293
3.53	0.300293
3.54	0.300293
3.55	0.300293
3.56	0.300293
3.57	0.300293
3.58	0.300293
3.59	0.300293
3.6	0.300293
3.61	0.300293
3.62	0.300293
3.63	0.300293
3.64	0.300293
3.65	0.300293
3.66	0.300293
3.67	0.300293
3.68	0.300293
3.69	0.300293
3.7	0.300293
3.71	0.300293
3.72	0.300293
3.73	0.300293
3.74	0.300293
3.75	0.300293
3.76	0.300293
3.77	0.300293
3.78	0.300293
3.79	0.300293
3.8	0.300293
3.81	0.300293
3.82	0.300293
3.83	0.300293
3.84	0.300293
3.85	0.300293
3.86	0.300293
3.87	0.300293
3.88	0.300293
3.89	0.300293
3.9	0.300293
3.91	0.300293
3.92	0.300293
3.93	0.300293
3.94	0.300293
3.95	0.300293
3.96	0.300293
3.97	0.300293
3.98	0.300293
3.99	0.300293
4	0.300293
